 &INPUT
 IDATM   =           4,
 AMIX    =  -1.00000000000000     ,
 ISAT    =           0,
 WLINF   =  0.550000011920929     ,
 WLSUP   =  0.550000011920929     ,
 WLINC   =  0.000000000000000E+000,
 SZA     =  0.000000000000000E+000,
 CSZA    =  -1.00000000000000     ,
 SOLFAC  =   1.00000000000000     ,
 NF      =           2,
 IDAY    =           0,
 TIME    =   16.0000000000000     ,
 ALAT    =  -64.7669982910156     ,
 ALON    =  -64.0670013427734     ,
 ZPRES   =  -1.00000000000000     ,
 PBAR    =  -1.00000000000000     ,
 SCLH2O  =  -1.00000000000000     ,
 UW      =  -1.00000000000000     ,
 UO3     =  -1.00000000000000     ,
 O3TRP   =  -1.00000000000000     ,
 ZTRP    =  0.000000000000000E+000,
 XRSC    =   1.00000000000000     ,
 XN2     =  -1.00000000000000     ,
 XO2     =  -1.00000000000000     ,
 XCO2    =  -1.00000000000000     ,
 XCH4    =  -1.00000000000000     ,
 XN2O    =  -1.00000000000000     ,
 XCO     =  -1.00000000000000     ,
 XNO2    =  -1.00000000000000     ,
 XSO2    =  -1.00000000000000     ,
 XNH3    =  -1.00000000000000     ,
 XNO     =  -1.00000000000000     ,
 XHNO3   =  -1.00000000000000     ,
 XO4     =   1.00000000000000     ,
 ISALB   =           0,
 ALBCON  =  0.000000000000000E+000,
 SC      = 5*0.000000000000000E+000  ,
 ZCLOUD  = 5*0.000000000000000E+000  ,
 TCLOUD  = 5*0.000000000000000E+000  ,
 LWP     = 5*0.000000000000000E+000  ,
 NRE     = 5*8.00000000000000        ,
 RHCLD   =  -1.00000000000000     ,
 KRHCLR  =           0,
 JAER    = 5*0,
 ZAER    = 5*0.000000000000000E+000  ,
 TAERST  = 5*0.000000000000000E+000  ,
 IAER    =           0,
 VIS     =  -1.00000000000000     ,
 RHAER   =  -1.00000000000000     ,
 TBAER   =  -1.00000000000000     ,
 WLBAER  = 150*-1.00000000000000       ,
 QBAER   = 150*-1.00000000000000       ,
 ABAER   =  0.000000000000000E+000,
 WBAER   = 150*-1.00000000000000       ,
 GBAER   = 150*-1.00000000000000       ,
 PMAER   = 44850*-1.00000000000000       ,
 ZBAER   = 65*-1.00000000000000       ,
 DBAER   = 65*-1.00000000000000       ,
 NOTHRM  =          -1,
 NOSCT   =           0,
 KDIST   =           3,
 ZGRID1  =   1.00000000000000     ,
 ZGRID2  =   30.0000000000000     ,
 NGRID   =           0,
 IDB     = 20*0,
 ZOUT    =  0.000000000000000E+000,   100.000000000000     ,
 IOUT    =          10,
 PRNT    = 7*F,
 TEMIS   =  0.000000000000000E+000,
 NSTR    =           0,
 NZEN    =           0,
 UZEN    = 40*-1.00000000000000       ,
 VZEN    = 40*90.0000000000000        ,
 NPHI    =           0,
 PHI     = 40*-1.00000000000000       ,
 SAZA    =   180.000000000000     ,
 IMOMC   =           3,
 IMOMA   =           3,
 TTEMP   =  -1.00000000000000     ,
 BTEMP   =  -1.00000000000000     ,
 CORINT  = F,
 SPOWDER = F
 /
